2016010000021, 9, 9, 1, 5, -1, -1, null, null
2016010000023, 4, 9, 1, 5, -1, -1, null, null
2016010000024, 11, 5, 1, 8, -1, -1, null, null
2016010000024, 9, 13, 3, -1, -1, -1, null, null
2016010000031, 9, 7, 1, 6, -1, -1, null, null
2016010000033, 9, 18, 2, 6, -1, -1, null, null
2016010000035, 11, 18, 1, 6, -1, -1, null, null
2016010000035, 19, 7, 1, 9, -1, -1, null, null
2016010000046, 1, 11, 1, 4, -1, -1, null, null
2016010000047, 1, 18, 1, 7, -1, -1, null, null
2016010000049, 90, 18, 1, -1, -1, -1, null, null
2016010000052, 90, 5, 1, 6, -1, -1, PEUGEOT, BOXER 333 L3H2 HDI
2016010000056, 3, 13, 1, 9, -1, -1, null, null
2016010000056, 19, 18, 1, 5, -1, -1, null, null
2016010000058, 1, 9, 1, 5, -1, -1, null, null
2016010000069, 1, 18, 1, 6, -1, -1, null, null
2016010000072, 1, 18, 1, 5, -1, -1, null, null
2016010000073, 1, 18, 1, 6, -1, -1, null, null
2016010000076, 9, 18, 1, 9, -1, -1, null, null
2016010000076, 9, 5, 2, 9, -1, -1, null, null
2016010000077, 90, 4, 1, 7, -1, -1, VOLVO, Missing
2016010000085, 9, 18, 3, -1, -1, -1, null, null
2016010000085, 1, 18, 1, 5, -1, -1, null, null
2016010000090, 9, 7, 3, -1, -1, -1, null, null
2016010000092, 9, 12, 1, 6, -1, -1, VOLKSWAGEN, CADDY C20 STARTLINE TDI
2016010000095, 9, 18, 1, 9, -1, -1, VOLKSWAGEN, CADDY 69PS SDI
2016010000095, 9, 18, 1, 6, -1, -1, null, null
2016010000110, 9, 6, 1, 7, -1, -1, null, null
2016010000110, 9, 3, 3, -1, -1, -1, null, null
2016010000114, 9, 4, 1, 8, -1, -1, null, null
2016010000115, 1, 15, 1, 5, -1, -1, null, null
2016010000116, 5, 18, 1, 5, -1, -1, null, null
2016010000117, 1, 4, 1, 7, -1, -1, null, null
2016010000120, 9, 3, 2, 6, -1, -1, null, null
2016010000122, 9, 7, 1, 10, -1, -1, null, null
2016010000124, 9, 18, 1, 5, -1, -1, null, null
2016010000130, 9, 5, 2, 4, -1, -1, null, null
2016010000140, 11, 5, 1, 7, -1, -1, null, null
2016010000141, 4, 18, 1, 4, -1, -1, null, null
2016010000153, 19, 7, 1, 8, -1, -1, null, null
2016010000153, 1, 18, 2, 5, -1, -1, null, null
2016010000159, 1, 15, 1, 6, -1, -1, null, null
2016010000161, 9, 18, 1, 6, -1, -1, null, null
2016010000161, 9, 4, 2, 8, -1, -1, null, null
2016010000167, 1, 5, 2, 8, -1, -1, null, null
2016010000174, 8, 6, 1, 8, -1, -1, null, null
2016010000174, 3, 14, 1, 6, -1, -1, null, null
2016010000176, 9, 18, 2, 7, -1, -1, null, null
2016010000182, 9, 7, 3, -1, -1, -1, null, null
2016010000182, 1, 18, 1, 7, -1, -1, null, null
2016010000185, 1, 4, 1, 5, -1, -1, null, null
2016010000186, 1, 5, 1, 7, -1, -1, null, null
2016010000189, 3, 18, 1, 8, -1, -1, null, null
2016010000189, 1, 18, 1, 6, -1, -1, null, null
2016010000191, 9, 18, 2, 8, -1, -1, null, null
2016010000191, 3, 18, 1, 6, -1, -1, null, null
2016010000191, 1, 18, 1, 4, -1, -1, null, null
2016010000195, 9, 9, 1, 6, -1, -1, null, null
2016010000195, 1, 18, 1, 6, -1, -1, null, null
2016010000199, 9, 9, 3, -1, -1, -1, null, null
2016010000202, 11, 5, 1, 8, -1, -1, null, null
2016010000211, 9, 18, 3, -1, -1, -1, null, null
2016010000213, 1, 18, 1, 4, -1, -1, null, null
2016010000213, 2, 18, 1, 4, -1, -1, null, null
2016010000224, 9, 18, 1, 7, -1, -1, null, null
2016010000230, 9, 3, 2, 6, -1, -1, null, null
2016010000230, 9, -1, 3, -1, -1, -1, null, null
2016010000232, 1, 18, 1, 9, -1, -1, null, null
2016010000238, 1, 13, 2, 5, -1, -1, null, null
2016010000240, 5, 3, 1, 7, -1, -1, null, null
2016010000240, 9, 18, 1, 7, -1, -1, null, null
2016010000240, 9, 3, 2, 6, -1, -1, null, null
2016010000240, 9, 3, 1, 8, -1, -1, null, null
2016010000245, 1, 18, 1, 6, -1, -1, null, null
2016010000247, 1, 18, 1, 6, -1, -1, null, null
2016010000253, 9, 5, 1, 8, -1, -1, null, null
2016010000255, 9, 9, 1, 8, -1, -1, RENAULT, KANGOO ML19 ENERGY DCI
2016010000263, 1, 18, 1, 5, -1, -1, null, null
2016010000265, 1, 12, 1, 11, -1, -1, null, null
2016010000266, 9, 6, 1, 9, -1, -1, FORD, RANGER WILDTRAK 4X4 TDCI AUTO
2016010000267, 9, 14, 1, 6, -1, -1, VOLKSWAGEN, TPORTER T28 HLINE 140 TDI SWB
2016010000271, 1, 18, 2, 5, -1, -1, null, null
2016010000272, 90, 18, 1, 8, -1, -1, MERCEDES, SPRINTER 519 CDI
2016010000275, 4, 18, 1, 5, -1, -1, null, null
2016010000275, 9, 9, 3, -1, -1, -1, null, null
2016010000279, 1, 7, 1, 6, -1, -1, null, null
2016010000281, 9, 18, 3, -1, -1, -1, null, null
2016010000282, 9, 9, 2, 8, -1, -1, null, null
2016010000286, 3, 5, 2, 6, -1, -1, null, null
2016010000288, 90, 18, 1, 9, -1, -1, null, null
2016010000288, 3, 18, 1, 9, -1, -1, null, null
2016010000291, 9, 18, 2, 7, -1, -1, null, null
2016010000291, 9, 9, 1, 5, -1, -1, null, null
2016010000291, 9, 8, 1, 9, -1, -1, null, null
2016010000292, 9, 4, 1, 7, -1, -1, null, null
2016010000292, 1, 4, 1, 3, -1, -1, null, null
2016010000295, 9, 3, 1, 6, -1, -1, VAUXHALL, COMBO 2000 L1H1 CDTI
2016010000300, 1, 18, 1, 6, -1, -1, null, null
2016010000303, 1, 16, 1, 6, -1, -1, null, null
2016010000304, 9, 6, 1, 10, -1, -1, null, null
2016010000304, 3, 18, 1, 5, -1, -1, null, null
2016010000320, 90, 18, 1, 8, -1, -1, VOLVO, Missing
2016010000325, 9, 9, 1, 10, -1, -1, null, null
2016010000325, 21, 18, 1, 6, -1, -1, null, null
2016010000327, 1, 18, 1, 4, -1, -1, null, null
2016010000332, 9, 11, 2, 8, -1, -1, null, null
2016010000332, 9, 18, 1, 6, -1, -1, null, null
2016010000333, 21, 7, 3, -1, -1, -1, null, null
2016010000337, 9, 5, 1, 7, -1, -1, ISUZU, D-MAX UTAH VISION D/C TW TRBTD
2016010000340, 2, 15, 1, -1, -1, -1, null, null
2016010000347, 4, 18, 1, 5, -1, -1, null, null
2016010000349, 3, 18, 1, 6, -1, -1, null, null
2016010000349, 9, 11, 1, 8, -1, -1, null, null
2016010000354, 19, 2, 3, -1, -1, -1, null, null
2016010000354, 1, 14, 1, 5, -1, -1, null, null
2016010000357, 19, 18, 1, 8, -1, -1, null, null
2016010000357, 19, 6, 1, 6, -1, -1, null, null
2016010000362, 1, 18, 1, 4, -1, -1, null, null
2016010000368, 1, 9, 1, 6, -1, -1, null, null
2016010000374, 11, 4, 1, 7, -1, -1, null, null
2016010000377, 9, 9, 1, 10, -1, -1, FORD, TRANSIT 260 SWB TD
2016010000379, 1, 18, 1, 6, -1, -1, null, null
2016010000380, 1, 18, 1, 5, -1, -1, null, null
2016010000380, 9, 18, 3, -1, -1, -1, null, null
2016010000381, 9, 18, 1, -1, -1, -1, FORD, TRANSIT CONNECT 200 TREND
2016010000384, 19, 12, 1, 4, -1, -1, null, null
2016010000392, 9, 3, 1, 6, -1, -1, VAUXHALL, ASTRAVAN SPORTIVE CDTI
2016010000393, 9, 5, 1, 5, -1, -1, null, null
2016010000393, 9, 5, 1, 7, -1, -1, null, null
2016010000395, 4, 18, 1, 6, -1, -1, null, null
2016010000395, 9, 7, 2, 7, -1, -1, null, null
2016010000397, 9, 18, 1, 6, -1, -1, VAUXHALL, ASTRA SPORTIVE CDTI
2016010000398, 9, 18, 1, 5, -1, -1, null, null
2016010000398, 9, 18, 2, 7, -1, -1, null, null
2016010000399, 1, 18, 1, 7, -1, -1, null, null
2016010000402, 9, 5, 3, -1, -1, -1, null, null
2016010000403, 90, 18, 1, 6, -1, -1, null, null
2016010000403, 9, 3, 1, 10, -1, -1, null, null
2016010000403, 9, 3, 1, 8, -1, -1, null, null
2016010000403, 9, 9, 2, 8, -1, -1, null, null
2016010000408, 1, 18, 2, 7, -1, -1, null, null
2016010000411, 3, 18, 1, 8, -1, -1, Piaggio, VESPA PRIMAVERA 50 2T
2016010000419, 1, 18, 2, 4, -1, -1, null, null
2016010000423, 9, 18, 3, -1, -1, -1, null, null
2016010000436, 9, 2, 3, -1, -1, -1, null, null
2016010000436, 9, 18, 1, 7, -1, -1, NISSAN, NAVARA D/C AVENTURA DCI A
2016010000438, 9, 18, 1, 7, -1, -1, null, null
2016010000446, 9, 18, 3, -1, -1, -1, null, null
2016010000452, 2, 18, 1, -1, -1, -1, Piaggio, MP3 SPORT TOURING LT 500
2016010000453, 9, 7, 3, -1, -1, -1, null, null
2016010000460, 9, 18, 3, -1, -1, -1, null, null
2016010000460, 9, 18, 1, 6, -1, -1, null, null
2016010000460, 9, 18, 1, 8, -1, -1, null, null
2016010000463, 9, 3, 1, 7, -1, -1, null, null
2016010000463, 5, 18, 1, 7, -1, -1, null, null
2016010000464, 9, 18, 1, 10, -1, -1, FORD, RANGER THUNDER TDCI A
2016010000472, 9, 4, 2, 8, -1, -1, null, null
2016010000479, 19, 3, 1, 5, -1, -1, null, null
2016010000479, 3, 14, 1, 5, -1, -1, null, null
2016010000483, 9, 18, 3, -1, -1, -1, null, null
2016010000484, 9, 18, 1, 6, -1, -1, null, null
2016010000484, 9, 2, 3, -1, -1, -1, null, null
2016010000488, 9, 7, 1, 7, -1, -1, null, null
2016010000488, 5, 18, 1, 6, -1, -1, null, null
2016010000490, 9, 14, 2, 6, -1, -1, null, null
2016010000494, 9, 4, 2, 7, -1, -1, null, null
2016010000494, 9, 18, 3, -1, -1, -1, null, null
2016010000496, 9, 18, 1, 6, -1, -1, null, null
2016010000497, 10, 5, 1, 6, -1, -1, null, null
2016010000499, 9, 9, 1, 8, -1, -1, VAUXHALL, ASTRA SPORTIVE CDTI
2016010000500, 9, 18, 1, 6, -1, -1, null, null
2016010000500, 9, 9, 1, 8, -1, -1, null, null
2016010000505, 1, 18, 1, 9, -1, -1, null, null
2016010000509, 9, 18, 3, -1, -1, -1, null, null
2016010000511, 8, 5, 3, -1, -1, -1, null, null
2016010000516, 9, 18, 1, 9, -1, -1, null, null
2016010000517, 9, 1, 1, 9, -1, -1, MERCEDES, SPRINTER 311 CDI MWB
2016010000526, 9, 18, 1, 8, -1, -1, null, null
2016010000529, 9, 15, 2, 10, -1, -1, null, null
2016010000538, 9, 18, 1, 5, -1, -1, null, null
2016010000544, 9, 18, 3, -1, -1, -1, null, null
2016010000546, 1, 18, 2, 8, -1, -1, null, null
2016010000551, 9, 18, 1, 6, -1, -1, LDV, 400 CONVOY D LWB
2016010000553, 9, 5, 3, -1, -1, -1, null, null
2016010000554, 8, 9, 1, 8, -1, -1, null, null
2016010000556, 8, 4, 1, 10, -1, -1, null, null
2016010000556, 1, 18, 1, 5, -1, -1, null, null
2016010000575, 9, 9, 2, 8, -1, -1, null, null
2016010000575, 9, 18, 1, 5, -1, -1, null, null
2016010000582, 1, 10, 2, 6, -1, -1, null, null
2016010000592, 2, 13, 3, -1, -1, -1, null, null
2016010000597, 9, 4, 1, 9, -1, -1, null, null
2016010000605, 9, 9, 3, -1, -1, -1, null, null
2016010000623, 1, 18, 1, 7, -1, -1, null, null
2016010000624, 1, 18, 2, 5, -1, -1, null, null
2016010000630, 9, 18, 1, -1, -1, -1, null, null
2016010000631, 9, 18, 2, 6, -1, -1, null, null
2016010000632, 1, 4, 1, 6, -1, -1, null, null
2016010000634, 4, 18, 1, 8, -1, -1, null, null
2016010000642, 9, 4, 3, -1, -1, -1, null, null
2016010000643, 19, 18, 3, -1, -1, -1, null, null
2016010000648, 3, 18, 3, -1, -1, -1, null, null
2016010000654, 1, 18, 1, 6, -1, -1, null, null
2016010000655, 9, 18, 2, 8, -1, -1, null, null
2016010000656, 9, 18, 2, 9, -1, -1, null, null
2016010000658, 1, 18, 1, 8, -1, -1, null, null
2016010000658, 9, 7, 1, 5, -1, -1, null, null
2016010000660, 9, 3, 1, 7, -1, -1, null, null
2016010000660, 11, 18, 1, 7, -1, -1, null, null
2016010000663, 90, 18, 1, 6, -1, -1, null, null
2016010000664, 4, 18, 1, 6, -1, -1, null, null
2016010000664, 9, 11, 1, -1, -1, -1, null, null
2016010000667, 1, 5, 1, 8, -1, -1, null, null
2016010000670, 3, 7, 1, 7, -1, -1, null, null
2016010000670, 9, 14, 3, -1, -1, -1, null, null
2016010000671, 3, 18, 1, 6, -1, -1, null, null
2016010000673, 19, 18, 3, -1, -1, -1, null, null
2016010000678, 19, 18, 3, -1, -1, -1, null, null
2016010000684, 9, 18, 1, 4, -1, -1, CITROEN, NEMO 660 ENTERPRISE HDI
2016010000685, 9, 9, 3, -1, -1, -1, null, null
2016010000691, 9, 7, 1, -1, -1, -1, null, null
2016010000694, 3, 18, 2, 5, -1, -1, null, null
2016010000696, 9, 18, 1, 6, -1, -1, Honda, NSC 110 E-E
2016010000700, 19, 4, 1, 6, -1, -1, null, null
2016010000700, 3, 3, 1, 7, -1, -1, null, null
2016010000707, 9, 9, 1, 4, -1, -1, null, null
2016010000718, 20, 3, 1, 6, -1, -1, NISSAN, NAVARA TEKNA DCI AUTO
2016010000722, 9, 18, 1, 6, -1, -1, null, null
2016010000725, 1, 12, 1, 6, -1, -1, null, null
2016010000727, 9, 9, 3, -1, -1, -1, null, null
2016010000733, 1, 4, 1, 8, -1, -1, null, null
2016010000742, 1, 18, 1, 4, -1, -1, null, null
2016010000747, 1, 18, 1, 6, -1, -1, null, null
2016010000747, 19, 7, 3, -1, -1, -1, null, null
2016010000748, 1, 18, 1, 5, -1, -1, null, null
2016010000748, 9, -1, 1, -1, -1, -1, null, null
2016010000749, 9, 18, 1, 7, -1, -1, null, null
2016010000761, 9, -1, 1, 4, -1, -1, null, null
2016010000763, 90, 18, 1, 7, -1, -1, FORD, FOCUS EDGE TDCI 115
2016010000769, 1, 18, 1, 8, -1, -1, null, null
2016010000775, 9, 9, 2, 9, -1, -1, null, null
2016010000782, 9, 18, 3, -1, -1, -1, null, null
2016010000787, 9, 16, 1, 6, -1, -1, null, null
2016010000787, 9, 16, 2, 6, -1, -1, null, null
2016010000792, 11, 5, 1, 7, -1, -1, null, null
2016010000802, 9, 11, 1, 6, -1, -1, null, null
2016010000802, 4, 18, 1, 6, -1, -1, null, null
2016010000804, 9, 18, 1, -1, -1, -1, FORD, FIESTA ECONETIC TECH TDCI
2016010000805, 1, 18, 1, 6, -1, -1, null, null
2016010000808, 1, 18, 1, 7, -1, -1, null, null
2016010000809, 2, 9, 1, 6, -1, -1, null, null
2016010000811, 1, 18, 2, 6, -1, -1, null, null
2016010000812, 2, 18, 1, 6, -1, -1, null, null
2016010000813, 9, 18, 3, -1, -1, -1, null, null
2016010000814, 9, 1, 2, 10, -1, -1, null, null
2016010000815, 1, 15, 1, 7, -1, -1, null, null
2016010000818, 8, 9, 1, 5, -1, -1, null, null
2016010000818, 2, 18, 1, 4, -1, -1, null, null
2016010000819, 1, 18, 2, 7, -1, -1, null, null
2016010000823, 9, 18, 2, 6, -1, -1, null, null
2016010000824, 20, 15, 1, 7, -1, -1, MERCEDES, Missing
2016010000830, 9, 18, 3, -1, -1, -1, null, null
2016010000832, 9, 18, 1, 5, -1, -1, null, null
2016010000832, 9, 2, 3, -1, -1, -1, null, null
2016010000834, 9, 4, 2, 6, -1, -1, null, null
2016010000836, 9, 14, 1, 7, -1, -1, null, null
2016010000844, 9, 18, 1, 6, -1, -1, null, null
2016010000845, 9, 18, 3, -1, -1, -1, null, null
2016010000846, 1, -1, 1, 6, -1, -1, null, null
2016010000846, 9, -1, 1, 4, -1, -1, null, null
2016010000852, 19, 9, 1, 7, -1, -1, null, null
2016010000852, 1, 18, 1, 6, -1, -1, null, null
2016010000861, 1, 18, 1, 6, -1, -1, null, null
2016010000865, 3, 13, 1, 7, -1, -1, null, null
2016010000866, 9, 18, 1, 6, -1, -1, null, null
2016010000879, 3, 14, 3, -1, -1, -1, null, null
2016010000883, 1, 18, 1, 6, -1, -1, null, null
2016010000885, 3, 18, 3, -1, -1, -1, null, null
2016010000891, 8, 5, 3, -1, -1, -1, VOLKSWAGEN, CC GT BLUEMOTION TECHN TDI S-A
2016010000895, 1, 13, 1, 6, -1, -1, null, null
2016010000895, 9, 4, 2, -1, -1, -1, null, null
2016010000901, 9, 18, 2, 8, -1, -1, null, null
2016010000901, 9, 18, 2, 6, -1, -1, null, null
2016010000902, 2, 4, 1, 7, -1, -1, null, null
2016010000912, 3, 14, 3, -1, -1, -1, null, null
2016010000917, 9, 9, 3, -1, -1, -1, null, null
2016010000924, 3, 18, 3, -1, -1, -1, null, null
2016010000926, 1, 18, 1, -1, -1, -1, null, null
2016010000934, 9, 6, 1, 7, -1, -1, null, null
2016010000934, 1, 18, 1, 5, -1, -1, null, null
2016010000939, 9, 6, 3, -1, -1, -1, null, null
2016010000939, 8, 18, 1, 7, -1, -1, null, null
2016010000941, 90, 1, 1, 6, -1, -1, RENAULT, TRAFIC SL27 DCI 100 SWB
2016010000943, 1, 18, 1, 5, -1, -1, null, null
2016010000949, 9, 18, 1, 4, -1, -1, null, null
2016010000949, 9, 2, 3, -1, -1, -1, null, null
2016010000949, 9, 2, 3, -1, -1, -1, null, null
2016010000954, 9, 18, 1, -1, -1, -1, null, null
2016010000956, 1, 18, 1, 5, -1, -1, null, null
2016010000957, 19, 2, 3, -1, -1, -1, null, null
2016010000963, 90, -1, 3, -1, -1, -1, null, null
2016010000964, 3, 17, 2, 6, -1, -1, null, null
2016010000966, 1, 18, 2, 6, -1, -1, null, null
2016010000967, 1, 18, 1, 7, -1, -1, null, null
2016010000967, 9, -1, 3, -1, -1, -1, null, null
2016010000969, 1, 18, 1, 2, -1, -1, null, null
2016010000970, 1, 18, 1, 6, -1, -1, null, null
2016010000971, 9, 4, 2, 6, -1, -1, null, null
2016010000971, 9, 4, 1, 4, -1, -1, null, null
2016010000974, 9, 9, 2, 7, -1, -1, null, null
2016010000974, 3, 14, 2, 5, -1, -1, null, null
2016010000974, 19, 3, 1, 7, -1, -1, null, null
2016010000976, 1, 11, 1, 4, -1, -1, null, null
2016010000978, 9, 1, 2, 8, -1, -1, null, null
2016010001005, 19, 18, 1, 7, -1, -1, null, null
2016010001005, 9, 13, 1, -1, -1, -1, null, null
2016010001009, 9, 5, 2, 9, -1, -1, null, null
2016010001009, 1, 18, 1, 3, -1, -1, null, null
2016010001016, 1, 18, 1, 8, -1, -1, null, null
2016010001017, 3, 11, 1, 4, -1, -1, null, null
2016010001017, 9, -1, 1, -1, -1, -1, null, null
2016010001021, 9, -1, 1, 6, -1, -1, CITROEN, BERLINGO 625 ENTERPRISE HDI
2016010001025, 9, 1, 3, -1, -1, -1, null, null
2016010001028, 4, 17, 2, 5, -1, -1, null, null
2016010001041, 11, 5, 1, 9, -1, -1, null, null
2016010001041, 11, 3, 1, 8, -1, -1, null, null
2016010001055, 9, 9, 3, -1, -1, -1, null, null
2016010001055, 4, 10, 1, 9, -1, -1, null, null
2016010001056, 9, 9, 2, 6, -1, -1, null, null
2016010001056, 9, 9, 1, 7, -1, -1, null, null
2016010001057, 17, 9, 1, 8, -1, -1, SCANIA, Missing
2016010001057, 1, 7, 1, 6, -1, -1, null, null
2016010001058, 1, 18, 1, 8, -1, -1, null, null
2016010001059, 1, 3, 2, 6, -1, -1, null, null
2016010001060, 9, 18, 3, -1, -1, -1, null, null
2016010001064, 90, 13, 2, 6, -1, -1, VOLKSWAGEN, TIGUAN S TDI BLUE TECH 4M S-A
2016010001065, 9, 7, 1, 10, -1, -1, null, null
2016010001066, 9, 4, 1, 6, -1, -1, null, null
2016010001066, 5, 13, 1, 6, -1, -1, null, null
2016010001074, 9, 10, 3, -1, -1, -1, null, null
2016010001077, 9, 18, 1, 6, -1, -1, null, null
2016010001077, 19, 18, 3, -1, -1, -1, null, null
2016010001077, 9, 2, 3, -1, -1, -1, null, null
2016010001079, 9, 18, 3, -1, -1, -1, null, null
2016010001080, 11, 4, 3, -1, -1, -1, null, null
2016010001091, 9, 18, 3, -1, -1, -1, null, null
2016010001110, 1, 18, 1, 7, -1, -1, null, null
2016010001111, 3, 18, 3, -1, -1, -1, null, null
2016010001112, 1, 18, 2, 6, -1, -1, null, null
2016010001115, 9, -1, 3, -1, -1, -1, null, null
2016010001119, 5, 15, 1, 7, -1, -1, null, null
2016010001120, 19, 5, 1, 7, -1, -1, null, null
2016010001120, 1, 5, 1, 8, -1, -1, null, null
2016010001139, 90, 18, 1, 8, -1, -1, MAN, Missing
2016010001143, 9, 18, 3, -1, -1, -1, null, null
2016010001145, 9, 3, 2, 8, -1, -1, null, null
2016010001145, 9, -1, 3, -1, -1, -1, null, null
2016010001160, 9, 18, 1, 5, -1, -1, null, null
2016010001160, 1, 18, 2, 6, -1, -1, null, null
2016010001162, 3, 18, 1, 8, -1, -1, null, null
2016010001164, 1, -1, 1, 6, -1, -1, null, null
2016010001164, 9, 11, 1, -1, -1, -1, null, null
2016010001165, 1, 18, 2, 7, -1, -1, null, null
2016010001168, 9, 9, 1, 9, -1, -1, null, null
2016010001168, 1, 18, 1, 8, -1, -1, null, null
2016010001177, 1, 15, 1, 8, -1, -1, null, null
2016010001189, 1, 18, 1, 7, -1, -1, null, null
2016010001197, 90, 7, 3, -1, -1, -1, null, null
2016010001207, 9, 7, 1, 6, -1, -1, null, null
2016010001207, 1, 18, 1, 6, -1, -1, null, null
2016010001210, 9, 3, 1, 8, -1, -1, FORD, TRANSIT CONNECT 90 T230
2016010001210, 1, 14, 1, 6, -1, -1, null, null
2016010001211, 19, 13, 3, -1, -1, -1, null, null
2016010001213, 9, 18, 3, -1, -1, -1, null, null
2016010001221, 1, 9, 2, 8, -1, -1, null, null
2016010001227, 9, 18, 1, 4, -1, -1, null, null
2016010001229, 8, 18, 3, -1, -1, -1, null, null
2016010001229, 1, 18, 1, 7, -1, -1, null, null
2016010001231, 9, 18, 1, 6, -1, -1, null, null
2016010001234, 21, 12, 1, 6, -1, -1, MERCEDES, Missing
2016010001236, 90, 1, 1, 8, -1, -1, VOLKSWAGEN, TIGUAN S TDI BLUE TECH 4M S-A
2016010001237, 9, 9, 1, 6, -1, -1, null, null
2016010001238, 9, 18, 3, -1, -1, -1, null, null
2016010001243, 9, 9, 3, -1, -1, -1, null, null
2016010001245, 9, 2, 3, -1, -1, -1, null, null
2016010001247, 1, 18, 3, -1, -1, -1, null, null
2016010001247, 11, 4, 1, 6, -1, -1, null, null
2016010001250, 20, 18, 1, 7, -1, -1, MAN, Missing
2016010001256, 3, 18, 1, 5, -1, -1, null, null
2016010001258, 1, 18, 1, 5, -1, -1, null, null
2016010001260, 9, 18, 1, 9, -1, -1, null, null
2016010001268, 8, 9, 1, 8, -1, -1, null, null
2016010001268, 4, 17, 1, 7, -1, -1, null, null
2016010001272, 21, 18, 1, 8, -1, -1, null, null
2016010001276, 9, 18, 3, -1, -1, -1, null, null
2016010001276, 1, 18, 2, 6, -1, -1, null, null
2016010001288, 9, 13, 3, -1, -1, -1, null, null
2016010001288, 1, 18, 1, 7, -1, -1, null, null
2016010001290, 9, 18, 1, 6, -1, -1, null, null
2016010001297, 9, 4, 2, 5, -1, -1, null, null
2016010001297, 9, 4, 1, 8, -1, -1, null, null
2016010001299, 19, 7, 1, 5, -1, -1, null, null
2016010001299, 1, 9, 2, 7, -1, -1, null, null
2016010001300, 19, 4, 1, 7, -1, -1, null, null
2016010001301, 9, 18, 1, 6, -1, -1, null, null
2016010001303, 1, 18, 1, 9, -1, -1, null, null
2016010001305, 9, 2, 3, -1, -1, -1, null, null
2016010001306, 4, 14, 2, 8, -1, -1, null, null
2016010001306, 9, 9, 1, -1, -1, -1, null, null
2016010001309, 19, 6, 3, -1, -1, -1, null, null
2016010001311, 9, 9, 1, 6, -1, -1, VOLKSWAGEN, CADDY DIESEL
2016010001317, 9, 12, 2, 8, -1, -1, null, null
2016010001317, 3, 18, 1, 7, -1, -1, null, null
2016010001319, 9, -1, 1, 4, -1, -1, null, null
2016010001319, 1, -1, 1, 6, -1, -1, null, null
2016010001321, 19, 18, 1, 7, -1, -1, null, null
2016010001321, 9, 18, 3, -1, -1, -1, null, null
2016010001325, 11, 4, 1, 6, -1, -1, PEUGEOT, VIVACITY 100
2016010001329, 1, 18, 1, 7, -1, -1, null, null
2016010001331, 9, 5, 1, 11, -1, -1, null, null
2016010001331, 9, 5, 1, 8, -1, -1, null, null
2016010001331, 19, 2, 3, -1, -1, -1, null, null
2016010001332, 11, 4, 1, 5, -1, -1, null, null
2016010001344, 9, 18, 1, 5, -1, -1, null, null
2016010001344, 9, 7, 1, 9, -1, -1, null, null
2016010001349, 1, 9, 2, 5, -1, -1, null, null
2016010001359, 9, 14, 1, 6, -1, -1, VOLKSWAGEN, CRAFTER CR35 88 LWB
2016010001359, 9, 4, 1, 6, -1, -1, null, null
2016010001376, 9, 18, 3, -1, -1, -1, null, null
2016010001378, 8, 18, 1, 6, -1, -1, null, null
2016010001381, 9, 9, 1, 6, -1, -1, null, null
2016010001390, 1, 18, 2, 8, -1, -1, null, null
2016010001393, 9, 18, 1, 7, -1, -1, null, null
2016010001393, 11, 9, 1, 9, -1, -1, null, null
2016010001400, 9, 18, 1, 4, -1, -1, null, null
2016010001403, 4, 18, 1, 5, -1, -1, null, null
2016010001403, 9, 18, 2, 9, -1, -1, null, null
2016010001404, 9, 18, 3, -1, -1, -1, null, null
2016010001407, 1, 18, 1, 10, -1, -1, null, null
2016010001407, 9, 13, 3, -1, -1, -1, null, null
2016010001411, 8, 1, 1, 8, -1, -1, null, null
2016010001412, 1, 18, 1, 7, -1, -1, null, null
2016010001413, 1, 18, 1, 4, -1, -1, null, null
2016010001414, 2, 9, 3, -1, -1, -1, null, null
2016010001417, 9, 18, 1, 9, -1, -1, null, null
2016010001417, 9, 5, 1, 5, -1, -1, null, null
2016010001425, 11, 18, 3, -1, -1, -1, null, null
2016010001429, 9, 17, 3, -1, -1, -1, null, null
2016010001433, 9, 9, 1, 10, -1, -1, null, null
2016010001435, 9, 18, 3, -1, -1, -1, null, null
2016010001435, 8, 18, 1, 6, -1, -1, null, null
2016010001436, 11, 5, 1, 6, -1, -1, null, null
2016010001438, 20, 4, 1, 6, -1, -1, null, null
2016010001440, 9, 18, 3, -1, -1, -1, null, null
2016010001441, 9, 6, 2, 9, -1, -1, null, null
2016010001446, 9, 18, 1, 6, -1, -1, null, null
2016010001446, 1, 9, 1, 8, -1, -1, null, null
2016010001452, 1, 15, 2, 6, -1, -1, null, null
2016010001453, 90, 4, 1, 7, -1, -1, FORD, TRANSIT CUSTOM 270 ECO-TECH
2016010001453, 5, 3, 1, 8, -1, -1, null, null
2016010001455, 9, 9, 2, 6, -1, -1, null, null
2016010001455, 9, 18, 1, 8, -1, -1, null, null
2016010001456, 90, 18, 1, 6, -1, -1, FIAT, 500 POP
2016010001458, 9, 18, 3, -1, -1, -1, null, null
2016010001459, 9, 18, 3, -1, -1, -1, null, null
2016010001461, 9, 13, 3, -1, -1, -1, null, null
2016010001461, 9, 18, 2, 5, -1, -1, null, null
2016010001461, 9, 2, 3, -1, -1, -1, null, null
2016010001463, 9, 9, 3, -1, -1, -1, null, null
2016010001473, 9, 18, 3, -1, -1, -1, null, null
2016010001475, 9, 11, 3, -1, -1, -1, null, null
2016010001478, 9, 4, 1, 6, -1, -1, VOLKSWAGEN, CRAFTER CR35 TDI
2016010001489, 4, 18, 3, -1, -1, -1, null, null
2016010001493, 9, -1, 2, 6, -1, -1, null, null
2016010001493, 9, -1, 1, -1, -1, -1, null, null
2016010001502, 19, -1, 3, -1, -1, -1, null, null
2016010001505, 9, 18, 3, -1, -1, -1, null, null
2016010001512, 1, 18, 2, 7, -1, -1, null, null
2016010001512, 9, 5, 1, 6, -1, -1, null, null
2016010001513, 9, 18, 3, -1, -1, -1, null, null
2016010001526, 9, -1, 1, -1, -1, -1, null, null
2016010001527, 21, 3, 1, 7, -1, -1, null, null
2016010001528, 19, 1, 1, 6, -1, -1, RENAULT TRUCKS, MASTER 135.35 C LWB
2016010001530, 20, 4, 3, -1, -1, -1, null, null
2016010001531, 1, 5, 1, 5, -1, -1, null, null
2016010001531, 9, -1, 3, -1, -1, -1, null, null
2016010001534, 9, 18, 3, -1, -1, -1, null, null
2016010001534, 1, 18, 1, 3, -1, -1, null, null
2016010001536, 9, 11, 1, 8, -1, -1, PEUGEOT, PARTNER CRC HDI
2016010001536, 5, 7, 1, 5, -1, -1, null, null
2016010001537, 5, 14, 1, 5, -1, -1, null, null
2016010001546, 1, 18, 2, 7, -1, -1, null, null
2016010001546, 3, 18, 3, -1, -1, -1, null, null
2016010001562, 9, 9, 1, 9, -1, -1, null, null
2016010001564, 11, 18, 1, 4, -1, -1, Honda, GLR 125 1WH-F
2016010001566, 11, 18, 1, 9, -1, -1, null, null
2016010001569, 9, 7, 1, 7, -1, -1, null, null
2016010001571, 1, 18, 1, 6, -1, -1, null, null
2016010001582, 3, 18, 1, 6, -1, -1, null, null
2016010001582, 8, 18, 1, 6, -1, -1, null, null
2016010001590, 9, 9, 1, 7, -1, -1, FORD, TRANSIT CUSTOM 290 ECO-TECH
2016010001598, 2, 14, 1, 5, -1, -1, null, null
2016010001598, 9, 9, 2, 8, -1, -1, null, null
2016010001600, 1, 18, 1, 6, -1, -1, null, null
2016010001610, 3, 18, 1, 4, -1, -1, null, null
2016010001616, 9, 3, 2, 7, -1, -1, null, null
2016010001616, 9, 5, 1, 6, -1, -1, null, null
2016010001617, 9, 18, 3, -1, -1, -1, null, null
2016010001617, 1, 3, 2, 6, -1, -1, null, null
2016010001618, 9, 18, 2, 6, -1, -1, null, null
2016010001618, 9, 18, 1, 6, -1, -1, null, null
2016010001638, 1, 18, 1, 8, -1, -1, null, null
2016010001643, 9, 1, 3, -1, -1, -1, null, null
2016010001655, 3, 18, 1, 5, -1, -1, null, null
2016010001655, 9, -1, 3, -1, -1, -1, null, null
2016010001662, 4, 4, 1, 6, -1, -1, null, null
2016010001669, 1, 18, 2, 8, -1, -1, null, null
2016010001676, 1, 18, 2, 5, -1, -1, null, null
2016010001677, 9, 5, 1, 8, -1, -1, null, null
2016010001686, 9, -1, 3, -1, -1, -1, null, null
2016010001689, 9, 3, 1, 6, -1, -1, VAUXHALL, ASTRAVAN ENVOY DUALFUEL
2016010001692, 90, 18, 1, 7, -1, -1, null, null
2016010001692, 9, 9, 2, 6, -1, -1, null, null
2016010001704, 9, 1, 2, 7, -1, -1, VOLKSWAGEN, CADDY MAXI C20 TDI
2016010001706, 1, 11, 1, 6, -1, -1, null, null
2016010001706, 9, 11, 3, -1, -1, -1, null, null
2016010001711, 20, 18, 3, -1, -1, -1, null, null
2016010001713, 1, 18, 1, 7, -1, -1, null, null
2016010001713, 19, 9, 3, -1, -1, -1, null, null
2016010001714, 1, 12, 1, 7, -1, -1, null, null
2016010001717, 9, 18, 3, -1, -1, -1, null, null
2016010001717, 1, 9, 1, 4, -1, -1, null, null
2016010001721, 5, 13, 1, 6, -1, -1, null, null
2016010001721, 19, 18, 3, -1, -1, -1, null, null
2016010001721, 9, 18, 1, 6, -1, -1, null, null
2016010001728, 8, 18, 3, -1, -1, -1, null, null
2016010001731, 3, 18, 3, -1, -1, -1, null, null
2016010001733, 1, 18, 2, 8, -1, -1, null, null
2016010001737, 5, 18, 1, 6, -1, -1, null, null
2016010001737, 9, 9, 1, 8, -1, -1, null, null
2016010001744, 9, 7, 2, 6, -1, -1, null, null
2016010001744, 1, 18, 1, 5, -1, -1, null, null
2016010001748, 90, 5, 1, 7, -1, -1, Daf Trucks, Missing
2016010001758, 19, 9, 1, 7, -1, -1, PEUGEOT, PARTNER COMB ESCAPADE HDI
2016010001760, 1, 18, 1, 6, -1, -1, null, null
2016010001766, 9, 1, 3, -1, -1, -1, null, null
2016010001769, 1, 18, 1, 6, -1, -1, null, null
2016010001771, 9, 4, 2, 6, -1, -1, null, null
2016010001773, 9, 9, 2, 7, -1, -1, null, null
2016010001773, 5, 18, 1, 5, -1, -1, null, null
2016010001776, 9, 1, 3, -1, -1, -1, null, null
2016010001777, 19, 5, 3, -1, -1, -1, null, null
2016010001778, 9, 18, 3, -1, -1, -1, null, null
2016010001786, 9, 9, 3, -1, -1, -1, null, null
2016010001791, 19, 18, 1, 6, -1, -1, null, null
2016010001800, 3, 18, 1, -1, -1, -1, null, null
2016010001806, 1, 3, 1, 8, -1, -1, null, null
2016010001806, 19, 5, 3, -1, -1, -1, null, null
2016010001812, 9, -1, 1, 7, -1, -1, null, null
2016010001812, 9, -1, 1, 4, -1, -1, null, null
2016010001820, 1, -1, 2, 7, -1, -1, null, null
2016010001820, 9, -1, 1, 7, -1, -1, null, null
2016010001836, 3, 18, 1, 5, -1, -1, null, null
2016010001839, 9, -1, 3, -1, -1, -1, null, null
2016010001841, 1, 18, 1, 6, -1, -1, null, null
2016010001842, 1, 17, 2, 7, -1, -1, null, null
2016010001845, 1, -1, 2, 8, -1, -1, null, null
2016010001853, 1, 3, 2, 6, -1, -1, null, null
2016010001856, 5, 18, 1, 6, -1, -1, null, null
2016010001857, 9, -1, 2, 7, -1, -1, null, null
2016010001857, 9, -1, 3, -1, -1, -1, null, null
2016010001858, 9, 17, 1, 9, -1, -1, null, null
2016010001858, 9, 16, 2, 5, -1, -1, null, null
2016010001860, 9, 9, 3, -1, -1, -1, null, null
2016010001867, 9, -1, 1, 7, -1, -1, null, null
2016010001867, 9, 1, 3, -1, -1, -1, null, null
2016010001869, 9, 13, 3, -1, -1, -1, FORD, TRANSIT 280 SWB
2016010001888, 9, 17, 2, 8, -1, -1, null, null
2016010001888, 9, 18, 1, 4, -1, -1, null, null
2016010001889, 9, 18, 1, 10, -1, -1, null, null
2016010001889, 1, 11, 1, 4, -1, -1, null, null
2016010001894, 9, -1, 3, -1, -1, -1, null, null
2016010001915, 9, 18, 3, -1, -1, -1, null, null
2016010001925, 9, 9, 2, 7, -1, -1, null, null
2016010001934, 9, 9, 1, 9, -1, -1, MERCEDES, SPRINTER 316 CDI
2016010001939, 1, 18, 2, 8, -1, -1, null, null
2016010001940, 1, 18, 2, 6, -1, -1, null, null
2016010001943, 1, 18, 1, 5, -1, -1, null, null
2016010001947, 9, 18, 1, 8, -1, -1, null, null
2016010001949, 90, 18, 3, -1, -1, -1, null, null
2016010001952, 1, 5, 1, 8, -1, -1, null, null
2016010001953, 1, 18, 1, 5, -1, -1, null, null
2016010001956, 11, 4, 1, 8, -1, -1, null, null
2016010001957, 9, -1, 1, 7, -1, -1, VOLKSWAGEN, CADDY 69PS SDI
2016010001960, 9, 18, 1, 5, -1, -1, null, null
2016010001963, 9, -1, 3, -1, -1, -1, null, null
2016010001964, 2, 6, 1, 9, -1, -1, LONDON TAXIS INT., TX4 SILVER AUTO
2016010001964, 2, 18, 1, 5, -1, -1, null, null
2016010001965, 9, 6, 3, -1, -1, -1, null, null
2016010001971, 1, 18, 1, 3, -1, -1, null, null
2016010001975, 9, 18, 1, 11, -1, -1, null, null
2016010001978, 1, 18, 1, 6, -1, -1, null, null
2016010001986, 1, 10, 2, 6, -1, -1, null, null
2016010001992, 9, 4, 1, 7, -1, -1, null, null
2016010001992, 9, -1, 3, -1, -1, -1, null, null
2016010001994, 9, 18, 1, 7, -1, -1, null, null
2016010001994, 9, -1, 3, -1, -1, -1, null, null
2016010001995, 19, 18, 3, -1, -1, -1, null, null
2016010001998, 9, 10, 1, 4, -1, -1, null, null
2016010001998, 9, -1, 3, -1, -1, -1, null, null
2016010002008, 9, 3, 1, 6, -1, -1, null, null
2016010002008, 9, 18, 1, 4, -1, -1, null, null
2016010002011, 1, 18, 1, 5, -1, -1, null, null
2016010002019, 90, -1, 2, 7, -1, -1, null, null
2016010002019, 9, -1, 3, -1, -1, -1, null, null
2016010002023, 1, -1, 2, 6, -1, -1, null, null
2016010002024, 9, 7, 3, -1, -1, -1, null, null
2016010002024, 1, 18, 1, 4, -1, -1, null, null
2016010002029, 8, 7, 1, 6, -1, -1, VOLKSWAGEN, PASSAT GT CC TDI170 BL TECH SA
2016010002032, 21, 12, 1, 8, -1, -1, null, null
2016010002038, 9, 15, 1, 8, -1, -1, Honda, VFR 800 X-F
2016010002041, 9, 9, 2, 8, -1, -1, FORD, TRANSIT 115 T350L RWD
2016010002052, 3, 9, 1, 3, -1, -1, null, null
2016010002052, 19, 18, 1, 5, -1, -1, null, null
2016010002057, 19, 18, 3, -1, -1, -1, null, null
2016010002057, 1, 18, 1, 4, -1, -1, null, null
2016010002058, 1, 18, 3, -1, -1, -1, null, null
2016010002061, 9, -1, 3, -1, -1, -1, null, null
2016010002063, 19, 3, 1, -1, -1, -1, null, null
2016010002068, 1, 4, 1, 6, -1, -1, null, null
2016010002069, 9, 18, 3, -1, -1, -1, null, null
2016010002069, 1, 14, 2, 9, -1, -1, null, null
2016010002069, 1, 14, 1, 11, -1, -1, null, null
2016010002071, 9, -1, 2, 7, -1, -1, null, null
2016010002071, 9, -1, 3, -1, -1, -1, null, null
2016010002074, 90, 18, 1, 11, -1, -1, null, null
2016010002078, 5, 18, 1, 7, -1, -1, YAMAHA, XP500
2016010002085, 9, 5, 1, -1, -1, -1, null, null
2016010002087, 3, 14, 3, -1, -1, -1, null, null
2016010002095, 8, 8, 1, 7, -1, -1, FORD, TRANSIT 460 TREND ECONETICTECH
2016010002095, 1, 18, 1, 8, -1, -1, null, null
2016010002102, 1, 18, 2, 5, -1, -1, null, null
2016010002103, 9, 9, 1, 8, -1, -1, null, null
2016010002104, 9, 4, 1, 6, -1, -1, null, null
2016010002111, 9, 7, 3, -1, -1, -1, null, null
2016010002118, 1, 18, 1, 10, -1, -1, null, null
2016010002118, 9, 18, 3, -1, -1, -1, null, null
2016010002118, 9, 18, 1, 7, -1, -1, null, null
2016010002119, 2, 18, 3, -1, -1, -1, null, null
2016010002119, 1, 5, 1, 3, -1, -1, null, null
2016010002120, 9, 9, 1, 7, -1, -1, null, null
2016010002121, 8, 9, 1, 8, -1, -1, null, null
2016010002121, 9, 5, 2, 7, -1, -1, null, null
2016010002133, 9, 13, 3, -1, -1, -1, null, null
2016010002146, 9, 18, 2, 6, -1, -1, null, null
2016010002146, 9, 18, 1, 7, -1, -1, null, null
2016010002152, 9, 3, 1, 6, -1, -1, null, null
2016010002155, 1, 18, 1, 9, -1, -1, null, null
2016010002156, 9, 18, 2, 9, -1, -1, null, null
2016010002162, 9, -1, 3, -1, -1, -1, null, null
2016010002168, 9, 18, 2, -1, -1, -1, null, null
2016010002175, 1, 18, 1, 6, -1, -1, null, null
2016010002178, 3, 5, 1, 6, -1, -1, null, null
2016010002200, 1, 3, 1, 7, -1, -1, null, null
2016010002203, 1, 18, 1, 4, -1, -1, null, null
2016010002209, 9, 9, 1, 7, -1, -1, null, null
2016010002209, 3, 15, 1, 6, -1, -1, null, null
2016010002210, 19, 18, 1, 6, -1, -1, null, null
2016010002214, 5, 17, 1, -1, -1, -1, null, null
2016010002215, 5, 14, 1, 6, -1, -1, null, null
2016010002215, 9, 9, 3, -1, -1, -1, null, null
2016010002215, 9, 2, 3, -1, -1, -1, null, null
2016010002215, 9, 2, 3, -1, -1, -1, null, null
2016010002217, 9, 3, 1, 8, -1, -1, YAMAHA, Missing
2016010002222, 1, 3, 1, 6, -1, -1, null, null
2016010002222, 9, 11, 1, 4, -1, -1, null, null
2016010002226, 11, 3, 3, -1, -1, -1, null, null
2016010002227, 1, 18, 1, 9, -1, -1, null, null
2016010002228, 9, 3, 2, 9, -1, -1, null, null
2016010002228, 9, 4, 2, 9, -1, -1, null, null
2016010002231, 3, 14, 1, 6, -1, -1, null, null
2016010002231, 19, 9, 3, -1, -1, -1, null, null
2016010002244, 9, 18, 2, 6, -1, -1, MERCEDES, VITO 109 CDI COMPACT
2016010002246, 3, 18, 1, 5, -1, -1, OTHER ITALIAN, Missing
2016010002247, 3, 18, 1, 4, -1, -1, PIAGGIO, ZIP 50 2T
2016010002250, 1, 18, 1, 8, -1, -1, null, null
2016010002252, 1, 18, 1, 8, -1, -1, null, null
2016010002254, 1, 18, 1, 4, -1, -1, null, null
2016010002256, 9, 9, 3, -1, -1, -1, null, null
2016010002256, 1, 18, 1, -1, -1, -1, null, null
2016010002259, 3, 18, 1, 5, -1, -1, null, null
2016010002263, 11, 4, 1, 9, -1, -1, null, null
2016010002266, 5, 5, 1, 7, -1, -1, Yamaha, XP 500 A TMAX
2016010002279, 1, 18, 1, 3, -1, -1, null, null
2016010002283, 21, 18, 1, 7, -1, -1, null, null
2016010002284, 3, 18, 1, 6, -1, -1, OTHER ITALIAN, Missing
2016010002284, 9, 13, 3, -1, -1, -1, null, null
2016010002285, 9, 18, 2, 8, -1, -1, null, null
2016010002290, 3, 18, 1, 3, -1, -1, null, null
2016010002292, 9, 18, 3, -1, -1, -1, null, null
2016010002294, 1, 18, 1, 8, -1, -1, null, null
2016010002295, 1, 18, 1, 8, -1, -1, null, null
2016010002301, 1, 18, 1, 9, -1, -1, null, null
2016010002307, 4, 14, 1, 6, -1, -1, null, null
2016010002314, 11, 5, 1, 7, -1, -1, null, null
2016010002320, 1, 18, 2, 8, -1, -1, null, null
2016010002324, 90, 18, 3, -1, -1, -1, MERCEDES, Missing
2016010002325, 1, -1, 1, 3, -1, -1, null, null
2016010002325, 9, -1, 1, 4, -1, -1, null, null
2016010002330, 9, -1, 2, 4, -1, -1, null, null
2016010002330, 1, -1, 1, 7, -1, -1, null, null
2016010002339, 9, 18, 2, 5, -1, -1, null, null
2016010002341, 9, -1, 1, 8, -1, -1, null, null
2016010002341, 9, -1, 3, -1, -1, -1, null, null
2016010002344, 9, -1, 2, 9, -1, -1, null, null
2016010002344, 9, -1, 1, 9, -1, -1, null, null
2016010002348, 9, 9, 1, 6, -1, -1, null, null
2016010002363, 9, 11, 1, 7, -1, -1, FORD, TRAN CONNECT 75 T220 D/C
2016010002365, 8, 5, 1, 6, -1, -1, null, null
2016010002366, 2, 14, 1, 7, -1, -1, null, null
2016010002367, 9, 18, 2, 6, -1, -1, null, null
2016010002367, 9, 9, 2, 8, -1, -1, null, null
2016010002370, 9, 18, 1, 5, -1, -1, null, null
2016010002371, 9, 3, 1, 8, -1, -1, null, null
2016010002376, 1, 18, 1, 7, -1, -1, null, null
2016010002379, 9, 4, 1, 9, -1, -1, null, null
2016010002379, 9, 18, 3, -1, -1, -1, null, null
2016010002379, 9, 13, 3, -1, -1, -1, null, null
2016010002383, 1, 14, 1, 9, -1, -1, null, null
2016010002386, 9, 18, 2, 7, -1, -1, null, null
2016010002386, 9, 10, 1, 7, -1, -1, null, null
2016010002386, 9, 10, 1, 6, -1, -1, null, null
2016010002390, 9, 9, 1, 6, -1, -1, null, null
2016010002391, 11, 7, 1, 8, -1, -1, null, null
2016010002397, 9, 18, 2, 6, -1, -1, null, null
2016010002399, 9, 18, 1, 6, -1, -1, null, null
2016010002399, 11, 4, 1, 10, -1, -1, null, null
2016010002400, 9, 7, 3, -1, -1, -1, null, null
2016010002407, 9, 18, 3, -1, -1, -1, null, null
2016010002408, 9, 12, 1, 6, -1, -1, null, null
2016010002414, 9, 9, 3, -1, -1, -1, null, null
2016010002417, 8, 5, 1, 10, -1, -1, null, null
2016010002418, 9, 18, 3, -1, -1, -1, null, null
2016010002420, 1, 18, 2, 5, -1, -1, null, null
2016010002421, 5, 18, 1, 6, -1, -1, null, null
2016010002423, 9, 18, 1, 7, -1, -1, null, null
2016010002423, 8, 7, 1, 7, -1, -1, null, null
2016010002425, 10, 3, 3, -1, -1, -1, null, null
2016010002428, 8, 5, 1, 6, -1, -1, RENAULT, TRAFIC LL29 SPORT DCI
2016010002436, 9, 18, 1, 7, -1, -1, null, null
2016010002450, 19, 1, 1, 6, -1, -1, null, null
2016010002453, 9, 5, 1, 8, -1, -1, null, null
2016010002453, 9, 2, 3, -1, -1, -1, null, null
2016010002456, 9, 18, 1, 8, -1, -1, null, null
2016010002459, 9, 5, 3, -1, -1, -1, null, null
2016010002465, 4, 18, 1, 6, -1, -1, VOLKSWAGEN, POLO S 75
2016010002468, 9, 18, 3, -1, -1, -1, null, null
2016010002469, 1, 5, 1, 7, -1, -1, null, null
2016010002470, 1, 18, 1, 8, -1, -1, null, null
2016010002471, 8, 9, 1, 7, -1, -1, null, null
2016010002488, 3, 9, 1, 8, -1, -1, null, null
2016010002489, 9, 3, 1, 6, -1, -1, FORD, FIESTA BASE TDCI
2016010002491, 9, 7, 1, 6, -1, -1, null, null
2016010002491, 3, 5, 1, 7, -1, -1, null, null
2016010002503, 9, 18, 3, -1, -1, -1, null, null
2016010002508, 1, 18, 2, 6, -1, -1, null, null
2016010002508, 9, 10, 1, 6, -1, -1, null, null
2016010002518, 1, 18, 1, -1, -1, -1, null, null
2016010002519, 9, 2, 3, -1, -1, -1, null, null
2016010002521, 1, 18, 1, 6, -1, -1, null, null
2016010002521, 10, 18, 1, 8, -1, -1, null, null
2016010002535, 1, 18, 1, 8, -1, -1, null, null
2016010002535, 9, -1, 1, 4, -1, -1, null, null
2016010002536, 1, 18, 2, 7, -1, -1, null, null
2016010002536, 9, 9, 1, -1, -1, -1, null, null
2016010002538, 1, 9, 1, 4, -1, -1, null, null
2016010002540, 19, 9, 1, 6, -1, -1, MERCEDES, Missing
2016010002540, 1, 18, 1, 8, -1, -1, null, null
2016010002541, 1, 18, 1, 9, -1, -1, null, null
2016010002546, 9, 5, 2, 4, -1, -1, null, null
2016010002546, 3, 3, 1, 4, -1, -1, null, null
2016010002547, 1, 18, 1, 8, -1, -1, null, null
2016010002547, 9, 9, 1, 8, -1, -1, null, null
2016010002550, 4, 18, 1, 7, -1, -1, null, null
2016010002550, 19, 18, 3, -1, -1, -1, null, null
2016010002551, 9, 4, 1, 6, -1, -1, null, null
2016010002551, 9, 18, 2, 6, -1, -1, null, null
2016010002572, 9, 4, 1, 6, -1, -1, VAUXHALL, ASTRA CLUB ECOFLEX
2016010002573, 9, 3, 2, 5, -1, -1, null, null
2016010002573, 9, -1, 1, 5, -1, -1, null, null
2016010002577, 9, 18, 1, 7, -1, -1, null, null
2016010002581, 9, 18, 1, 7, -1, -1, NISSAN, Missing
2016010002582, 9, 11, 1, 6, -1, -1, null, null
2016010002582, 9, 5, 1, 8, -1, -1, null, null
2016010002587, 3, 3, 1, 8, -1, -1, PIAGGIO, VESPA LXV 50
2016010002594, 1, 18, 3, -1, -1, -1, null, null
2016010002595, 1, 18, 1, 6, -1, -1, null, null
2016010002597, 9, 4, 1, 9, -1, -1, null, null
2016010002599, 9, 5, 1, 8, -1, -1, null, null
2016010002599, 9, 5, 2, 6, -1, -1, null, null
2016010002603, 11, 5, 1, 6, -1, -1, null, null
2016010002612, 1, 18, 1, 5, -1, -1, null, null
2016010002624, 9, 6, 1, 5, -1, -1, FIAT, DOBLO 16V MULTIJET
2016010002634, 1, 18, 1, 6, -1, -1, null, null
2016010002635, 9, 5, 2, 6, -1, -1, null, null
2016010002635, 1, 9, 2, 6, -1, -1, null, null
2016010002636, 8, 4, 1, 7, -1, -1, null, null
2016010002636, 1, 18, 1, 4, -1, -1, null, null
2016010002641, 9, 18, 3, -1, -1, -1, null, null
2016010002643, 8, 18, 1, 6, -1, -1, null, null
2016010002643, 2, 18, 1, 6, -1, -1, null, null
2016010002644, 9, 4, 1, 6, -1, -1, FORD, FIESTA ECONETIC TDCI DPF
2016010002646, 1, 18, 1, 5, -1, -1, null, null
2016010002646, 1, 18, 1, 8, -1, -1, null, null
2016010002651, 9, 4, 1, 6, -1, -1, VAUXHALL, CORSA CDTI
2016010002652, 9, 3, 1, 8, -1, -1, null, null
2016010002652, 9, 4, 1, 8, -1, -1, null, null
2016010002653, 9, 9, 3, -1, -1, -1, null, null
2016010002657, 9, 9, 2, 9, -1, -1, null, null
2016010002660, 9, 5, 1, 8, -1, -1, RENAULT, KANGOO SL17 DCI 70
2016010002661, 1, 18, 1, 5, -1, -1, null, null
2016010002662, 9, 18, 1, 7, -1, -1, null, null
2016010002662, 1, 4, 2, 6, -1, -1, null, null
2016010002668, 3, 4, 1, 6, -1, -1, PEUGEOT, 207 S
2016010002668, 9, 18, 3, -1, -1, -1, null, null
2016010002671, 9, 18, 1, 6, -1, -1, null, null
2016010002677, 3, 18, 1, 6, -1, -1, null, null
2016010002677, 9, 10, 1, 5, -1, -1, null, null
2016010002680, 1, 18, 1, 7, -1, -1, null, null
2016010002685, 9, 5, 1, 8, -1, -1, null, null
2016010002685, 9, -1, 2, 5, -1, -1, null, null
2016010002701, 9, -1, 1, 4, -1, -1, null, null
2016010002724, 9, -1, 1, 4, -1, -1, null, null
2016010002765, 19, 18, 1, 9, -1, -1, MERCEDES, VITO 111 CDI LONG
2016010002771, 9, 1, 3, -1, -1, -1, null, null
2016010002785, 9, 18, 2, 6, -1, -1, null, null
2016010002786, 9, -1, 1, -1, -1, -1, null, null
2016010002786, 9, -1, 3, -1, -1, -1, null, null
2016010002820, 9, 5, 2, 6, -1, -1, null, null
2016010002820, 20, 18, 1, 7, -1, -1, null, null
2016010002825, 9, 18, 3, -1, -1, -1, null, null
2016010002825, 1, 18, 1, 4, -1, -1, null, null
2016010002827, 9, 10, 2, 7, -1, -1, null, null
2016010002827, 19, 18, 1, 8, -1, -1, null, null
2016010002830, 9, 9, 1, -1, -1, -1, null, null
2016010002834, 19, 18, 1, 5, -1, -1, null, null
2016010002846, 4, 18, 3, -1, -1, -1, null, null
2016010002846, 1, 18, 1, 7, -1, -1, null, null
2016010002847, 2, 4, 1, 4, -1, -1, null, null
2016010002847, 9, 18, 3, -1, -1, -1, null, null
2016010002852, 5, 13, 1, 6, -1, -1, null, null
2016010002857, 4, 18, 1, 5, -1, -1, null, null
2016010002860, 9, 9, 3, -1, -1, -1, null, null
2016010002860, 1, 18, 1, 6, -1, -1, null, null
2016010002862, 9, 7, 1, 4, -1, -1, null, null
2016010002866, 8, 6, 1, 8, -1, -1, null, null
2016010002881, 11, 4, 1, 8, -1, -1, null, null
2016010002889, 1, 18, 1, 8, -1, -1, null, null
2016010002892, 9, 5, 3, -1, -1, -1, null, null
2016010002896, 9, 18, 1, 6, -1, -1, null, null
2016010002896, 19, 18, 1, 7, -1, -1, CITROEN, C3 SELECTION
2016010002904, 9, -1, 2, 4, -1, -1, null, null
2016010002925, 9, 18, 1, 8, -1, -1, null, null
2016010002925, 9, 9, 3, -1, -1, -1, null, null
2016010002935, 9, -1, 2, 9, -1, -1, null, null
2016010002948, 9, -1, 1, 8, -1, -1, null, null
2016010002948, 9, -1, 3, -1, -1, -1, null, null
2016010002951, 9, 18, 2, 8, -1, -1, null, null
2016010002956, 3, 15, 1, 4, -1, -1, null, null
2016010002956, 9, 18, 1, 5, -1, -1, null, null
2016010002959, 9, 1, 1, 8, -1, -1, null, null
2016010002965, 1, 18, 2, 5, -1, -1, null, null
2016010002965, 9, -1, 3, -1, -1, -1, null, null
2016010002980, 1, 13, 3, -1, -1, -1, null, null
2016010002980, 1, 14, 1, 8, -1, -1, null, null
2016010002981, 9, -1, 1, 7, -1, -1, null, null
2016010002981, 9, -1, 1, 4, -1, -1, null, null
2016010002981, 9, -1, 3, -1, -1, -1, null, null
2016010002994, 9, 10, 3, -1, -1, -1, null, null
2016010002994, 1, 18, 2, 6, -1, -1, null, null
2016010002996, 9, 9, 3, -1, -1, -1, null, null
2016010002996, 9, 5, 1, 9, -1, -1, null, null
2016010002996, 9, 3, 2, 8, -1, -1, null, null
2016010002996, 9, 3, 1, -1, -1, -1, null, null
2016010003004, 1, 7, 1, 8, -1, -1, null, null
2016010003009, 11, 7, 1, 6, -1, -1, null, null
2016010003010, 11, 4, 1, 8, -1, -1, null, null
2016010003014, 1, 18, 1, 6, -1, -1, null, null
2016010003015, 19, 10, 1, 7, -1, -1, null, null
2016010003020, 9, 9, 3, -1, -1, -1, null, null
2016010003020, 1, 16, 2, 6, -1, -1, null, null
2016010003023, 4, 5, 1, 6, -1, -1, Piaggio, MP3 300 YOURBAN LT
2016010003025, 11, 5, 1, 7, -1, -1, null, null
2016010003025, 1, 18, 1, 6, -1, -1, null, null
2016010003027, 4, 18, 1, 6, -1, -1, null, null
2016010003048, 1, 18, 1, 8, -1, -1, null, null
2016010003049, 9, 9, 1, 7, -1, -1, null, null
2016010003049, 5, 18, 1, 6, -1, -1, null, null
2016010003050, 1, 18, 1, 7, -1, -1, null, null
2016010003051, 9, 18, 3, -1, -1, -1, null, null
2016010003066, 9, 3, 2, 6, -1, -1, null, null
2016010003074, 1, 18, 1, 7, -1, -1, null, null
2016010003076, 9, 3, 1, 9, -1, -1, null, null
2016010003076, 9, 11, 1, -1, -1, -1, null, null
2016010003082, 9, 3, 2, 7, -1, -1, null, null
2016010003082, 9, 18, 1, 7, -1, -1, null, null
2016010003083, 1, 18, 2, 6, -1, -1, null, null
2016010003101, 9, 6, 2, 6, -1, -1, null, null
2016010003101, 9, 5, 3, -1, -1, -1, null, null
2016010003104, 9, 3, 1, 7, -1, -1, null, null
2016010003104, 9, 8, 1, 7, -1, -1, null, null
2016010003108, 1, 18, 1, 6, -1, -1, null, null
2016010003120, 9, -1, 3, -1, -1, -1, null, null
2016010003120, 9, -1, 2, 7, -1, -1, null, null
2016010003121, 9, -1, 1, 6, -1, -1, null, null
2016010003121, 20, -1, 1, 4, -1, -1, null, null
2016010003122, 9, 18, 1, 4, -1, -1, MERCEDES, VITO 113 CDI
2016010003122, 9, 12, 1, -1, -1, -1, null, null
2016010003127, 9, 12, 1, 6, -1, -1, VAUXHALL, ASTRA SPORTIVE CDTI
2016010003131, 19, 1, 1, 6, -1, -1, VAUXHALL, INSIGNIA C-TRY TOUR NAV CDTI A
2016010003133, 3, 3, 1, 6, -1, -1, null, null
2016010003141, 1, 18, 1, 5, -1, -1, null, null
2016010003141, 9, 7, 1, 5, -1, -1, null, null
2016010003142, 9, -1, 1, 8, -1, -1, null, null
2016010003145, 3, 18, 1, 6, -1, -1, null, null
2016010003146, 9, -1, 2, 9, -1, -1, null, null
2016010003146, 9, -1, 3, -1, -1, -1, null, null
2016010003157, 5, 15, 1, 6, -1, -1, null, null
2016010003157, 9, 9, 1, 7, -1, -1, null, null
2016010003167, 5, 18, 1, 9, -1, -1, null, null
2016010003177, 90, 4, 1, 7, -1, -1, VOLKSWAGEN, CRAFTER CR35 ST-LN TDI BMT LWB
2016010003200, 9, 18, 3, -1, -1, -1, null, null
2016010003206, 1, 18, 1, 9, -1, -1, null, null
2016010003209, 9, 18, 3, -1, -1, -1, null, null
2016010003218, 1, 18, 2, 6, -1, -1, null, null
2016010003220, 9, 7, 1, 7, -1, -1, null, null
2016010003221, 9, 18, 1, 6, -1, -1, null, null
2016010003233, 1, 18, 2, 9, -1, -1, null, null
2016010003235, 1, 13, 1, 8, -1, -1, null, null
2016010003237, 1, 18, 1, 6, -1, -1, null, null
2016010003240, 8, 5, 3, -1, -1, -1, null, null
2016010003242, 8, 4, 1, 8, -1, -1, null, null
2016010003242, 9, 14, 1, -1, -1, -1, null, null
2016010003242, 9, 2, 3, -1, -1, -1, null, null
2016010003250, 9, 9, 1, -1, -1, -1, null, null
2016010003250, 1, 9, 1, 7, -1, -1, null, null
2016010003252, 9, 5, 1, 8, -1, -1, FORD, TRANSIT 100 T350 RWD
2016010003259, 3, 18, 1, 4, -1, -1, null, null
2016010003262, 1, 18, 1, 8, -1, -1, null, null
2016010003263, 9, 9, 1, 7, -1, -1, null, null
2016010003264, 19, 8, 3, -1, -1, -1, FORD, TRANSIT 430 LWB
2016010003274, 8, 9, 2, 7, -1, -1, null, null
2016010003277, 9, 18, 3, -1, -1, -1, null, null
2016010003288, 5, -1, 1, 6, -1, -1, null, null
2016010003288, 9, -1, 2, 8, -1, -1, null, null
2016010003290, 9, -1, 2, 7, -1, -1, null, null
2016010003290, 9, -1, 3, -1, -1, -1, null, null
2016010003296, 1, 18, 1, 6, -1, -1, null, null
2016010003297, 9, 18, 2, 6, -1, -1, null, null
2016010003306, 9, -1, 1, 6, -1, -1, null, null
2016010003306, 90, -1, 3, -1, -1, -1, null, null
2016010003311, 1, -1, 1, 4, -1, -1, null, null
2016010003318, 9, 9, 1, 6, -1, -1, null, null
2016010003318, 9, 9, 1, 4, -1, -1, null, null
2016010003330, 9, 3, 3, -1, -1, -1, null, null
2016010003333, 9, -1, 1, 4, -1, -1, null, null
2016010003333, 9, -1, 3, -1, -1, -1, null, null
2016010003334, 1, 18, 1, 7, -1, -1, null, null
2016010003334, 9, 9, 2, 7, -1, -1, null, null
2016010003338, 9, 4, 2, 6, -1, -1, null, null
2016010003338, 9, 18, 3, -1, -1, -1, null, null
2016010003340, 9, -1, 1, 6, -1, -1, null, null
2016010003344, 1, 18, 1, 9, -1, -1, null, null
2016010003352, 4, -1, 1, 6, -1, -1, null, null
2016010003354, 1, 5, 2, 8, -1, -1, null, null
2016010003361, 9, 1, 3, -1, -1, -1, null, null
2016010003363, 10, 18, 1, 6, -1, -1, VAUXHALL, VIVARO 2900 CDTI
2016010003369, 20, 18, 3, -1, -1, -1, DAF TRUCKS, Missing
2016010003370, 9, 18, 1, 7, -1, -1, VAUXHALL, ASTRA LS 1.7 TD
2016010003377, 9, -1, 1, 8, -1, -1, null, null
2016010003377, 9, -1, 3, -1, -1, -1, null, null
2016010003383, 9, -1, 2, -1, -1, -1, null, null
2016010003389, 9, -1, 3, -1, -1, -1, null, null
2016010003389, 1, -1, 1, 7, -1, -1, null, null
2016010003392, 9, 9, 3, -1, -1, -1, null, null
2016010003394, 2, 18, 3, -1, -1, -1, null, null
2016010003396, 1, 14, 2, 6, -1, -1, null, null
2016010003400, 19, 5, 1, -1, -1, -1, null, null
2016010003401, 9, 18, 1, 8, -1, -1, null, null
2016010003408, 9, 5, 2, 4, -1, -1, null, null
2016010003419, 9, 18, 3, -1, -1, -1, null, null
2016010003439, 9, 5, 1, 6, -1, -1, null, null
2016010003445, 9, 7, 1, 11, -1, -1, null, null
2016010003445, 9, 12, 3, -1, -1, -1, null, null
2016010003447, 19, 7, 3, -1, -1, -1, null, null
2016010003447, 1, 18, 1, 7, -1, -1, null, null
2016010003449, 9, 5, 2, 10, -1, -1, null, null
2016010003453, 11, 4, 1, 6, -1, -1, null, null
2016010003453, 19, 7, 1, 8, -1, -1, null, null
2016010003457, 1, 7, 1, 3, -1, -1, null, null
2016010003461, 21, 18, 1, 7, -1, -1, null, null
2016010003466, 1, 18, 2, 5, -1, -1, null, null
2016010003467, 9, 9, 3, -1, -1, -1, null, null
2016010003468, 1, 18, 1, 8, -1, -1, null, null
2016010003473, 9, 5, 1, 5, -1, -1, null, null
2016010003475, 1, 18, 1, 4, -1, -1, null, null
2016010003476, 8, 18, 1, 7, -1, -1, null, null
2016010003476, 3, 18, 1, 7, -1, -1, null, null
2016010003481, 9, 7, 2, 7, -1, -1, null, null
2016010003481, 5, 18, 1, 6, -1, -1, null, null
2016010003483, 9, 18, 1, 7, -1, -1, null, null
2016010003486, 8, 4, 1, 10, -1, -1, null, null
2016010003495, 9, 9, 2, 6, -1, -1, null, null
2016010003495, 9, 18, 1, -1, -1, -1, null, null
2016010003496, 1, 18, 1, 5, -1, -1, null, null
2016010003498, 1, 18, 1, 5, -1, -1, null, null
2016010003499, 1, 9, 2, 6, -1, -1, null, null
2016010003507, 9, 18, 3, -1, -1, -1, null, null
2016010003511, 9, 9, 3, -1, -1, -1, null, null
2016010003511, 1, 18, 2, 4, -1, -1, null, null
2016010003521, 1, 18, 1, 7, -1, -1, null, null
2016010003521, 9, 9, 1, 7, -1, -1, null, null
2016010003522, 90, 18, 3, -1, -1, -1, JEEP, WRANGLER 2.5
2016010003529, 9, 18, 1, -1, -1, -1, null, null
2016010003533, 4, 13, 1, 6, -1, -1, null, null
2016010003533, 9, 9, 2, -1, -1, -1, null, null
2016010003541, 9, 18, 1, -1, -1, -1, null, null
2016010003544, 9, 4, 1, 7, -1, -1, RENAULT, KANGOO MAXI LL21 CORE DCI
2016010003546, 9, 3, 1, 9, -1, -1, null, null
2016010003550, 8, 18, 3, -1, -1, -1, null, null
2016010003550, 19, -1, 3, -1, -1, -1, null, null
2016010003554, 9, 18, 1, 7, -1, -1, null, null
2016010003555, 10, 5, 2, 7, -1, -1, null, null
2016010003555, 1, 3, 1, 3, -1, -1, null, null
2016010003556, 8, 18, 1, 6, -1, -1, null, null
2016010003559, 9, 18, 1, 5, -1, -1, null, null
2016010003559, 9, 9, 1, 6, -1, -1, null, null
2016010003571, 9, 5, 3, -1, -1, -1, null, null
2016010003576, 4, 18, 1, 7, -1, -1, null, null
2016010003581, 19, 14, 1, 6, -1, -1, null, null
2016010003582, 3, 18, 1, 7, -1, -1, null, null
2016010003586, 9, 10, 1, 6, -1, -1, MERCEDES, VITO 120 SPORT CDI AUTO
2016010003594, 1, 18, 1, 7, -1, -1, null, null
2016010003596, 9, 18, 3, -1, -1, -1, null, null
2016010003597, 9, 18, 3, -1, -1, -1, VOLKSWAGEN, CADDY C20 TDI 104
2016010003600, 8, 4, 1, 7, -1, -1, null, null
2016010003600, 4, 18, 1, 7, -1, -1, null, null
2016010003601, 1, 18, 1, 8, -1, -1, null, null
2016010003602, 3, 4, 1, 5, -1, -1, null, null
2016010003606, 9, 18, 3, -1, -1, -1, null, null
2016010003609, 9, 18, 3, -1, -1, -1, null, null
2016010003620, 90, 18, 1, 6, -1, -1, null, null
2016010003621, 9, 9, 2, 7, -1, -1, null, null
2016010003624, 9, 7, 1, 9, -1, -1, null, null
2016010003624, 1, 18, 1, 7, -1, -1, null, null
2016010003629, 11, 18, 1, 6, -1, -1, null, null
2016010003638, 3, 15, 1, 6, -1, -1, null, null
2016010003643, 9, 18, 3, -1, -1, -1, null, null
2016010003647, 2, 18, 1, 6, -1, -1, null, null
2016010003653, 9, 9, 1, 6, -1, -1, null, null
2016010003653, 9, 2, 3, -1, -1, -1, null, null
2016010003659, 9, 18, 1, 8, -1, -1, null, null
2016010003659, 9, 18, 1, 5, -1, -1, null, null
2016010003661, 9, 9, 1, 7, -1, -1, null, null
2016010003661, 3, 13, 1, 5, -1, -1, null, null
2016010003662, 9, 10, 2, 7, -1, -1, null, null
2016010003662, 3, 5, 1, 5, -1, -1, null, null
2016010003663, 1, 4, 1, 6, -1, -1, null, null
2016010003664, 1, 18, 1, 6, -1, -1, null, null
2016010003674, 9, -1, 2, 6, -1, -1, null, null
2016010003674, 9, -1, 1, 4, -1, -1, null, null
2016010003685, 3, -1, 1, 4, -1, -1, null, null
2016010003685, 9, -1, 1, -1, -1, -1, null, null
2016010003688, 9, 18, 2, 5, -1, -1, null, null
2016010003688, 9, 18, 2, 7, -1, -1, null, null
2016010003692, 9, 9, 2, 7, -1, -1, null, null
2016010003693, 1, 18, 1, 7, -1, -1, null, null
2016010003695, 1, 18, 1, 7, -1, -1, null, null
2016010003695, 9, -1, 1, 9, -1, -1, null, null
2016010003703, 9, 18, 1, 7, -1, -1, null, null
2016010003703, 1, 3, 2, 7, -1, -1, null, null
2016010003711, 1, 18, 1, 7, -1, -1, null, null
2016010003717, 9, 9, 2, 6, -1, -1, null, null
2016010003737, 9, 18, 1, 6, -1, -1, VOLKSWAGEN, CADDY MAXI C20 TRENDLINE TDI
2016010003754, 1, 18, 1, 8, -1, -1, null, null
2016010003754, 9, 9, 1, 4, -1, -1, null, null
2016010003757, 1, 18, 1, 9, -1, -1, null, null
2016010003762, 1, -1, 1, 6, -1, -1, null, null
2016010003763, 9, -1, 2, 9, -1, -1, null, null
2016010003771, 3, -1, 1, 6, -1, -1, null, null
2016010003771, 9, -1, 3, -1, -1, -1, null, null
2016010003787, 1, -1, 2, 5, -1, -1, null, null
2016010003787, 9, -1, 3, -1, -1, -1, null, null
2016010003789, 9, -1, 2, 7, -1, -1, null, null
2016010003789, 9, -1, 2, 6, -1, -1, null, null
2016010003789, 9, -1, 1, 6, -1, -1, null, null
2016010003808, 9, 9, 3, -1, -1, -1, null, null
2016010003817, 19, 18, 3, -1, -1, -1, null, null
2016010003819, 3, 18, 1, 6, -1, -1, null, null
2016010003819, 9, 9, 3, -1, -1, -1, null, null
2016010003820, 9, 18, 2, 9, -1, -1, null, null
2016010003821, 1, 18, 1, 7, -1, -1, null, null
2016010003822, 1, 18, 1, 6, -1, -1, null, null
2016010003823, 1, 9, 1, 4, -1, -1, null, null
2016010003827, 1, 18, 1, 7, -1, -1, null, null
2016010003830, 90, 15, 2, 5, -1, -1, null, null
2016010003831, 1, 4, 2, 6, -1, -1, null, null
2016010003836, 1, 18, 1, 7, -1, -1, null, null
2016010003842, 1, 17, 1, 8, -1, -1, null, null
2016010003843, 1, 18, 1, 7, -1, -1, null, null
2016010003847, 1, 18, 2, 7, -1, -1, null, null
2016010003849, 9, 10, 1, 7, -1, -1, null, null
2016010003849, 2, 18, 1, 4, -1, -1, null, null
2016010003849, 9, 18, 1, 7, -1, -1, null, null
2016010003850, 1, 18, 1, 7, -1, -1, null, null
2016010003854, 5, 18, 1, 6, -1, -1, null, null
2016010003854, 9, 18, 1, 8, -1, -1, null, null
2016010003878, 9, 8, 1, 8, -1, -1, null, null
2016010003878, 9, -1, 3, -1, -1, -1, null, null
2016010003890, 3, 18, 1, 7, -1, -1, null, null
2016010003890, 9, 18, 2, 6, -1, -1, null, null
2016010003895, 1, -1, 2, 6, -1, -1, null, null
2016010003904, 1, 3, 1, 5, -1, -1, null, null
2016010003915, 10, 5, 1, 8, -1, -1, MERCEDES, Missing
2016010003919, 1, 15, 1, 6, -1, -1, null, null
2016010003924, 4, 5, 1, 8, -1, -1, Piaggio, MP3 SPORT TOURING LT 500
2016010003924, 19, 17, 1, 7, -1, -1, null, null
2016010003928, 1, 18, 1, 6, -1, -1, null, null
2016010003930, 9, 18, 1, 7, -1, -1, Peugeot, TWEET 125 NP
2016010003930, 9, 9, 3, -1, -1, -1, null, null
2016010003931, 9, -1, 1, 4, -1, -1, null, null
2016010003931, 9, -1, 2, 4, -1, -1, null, null
2016010003934, 9, 18, 3, -1, -1, -1, VAUXHALL, VIVARO 2700 DTI SWB
2016010003936, 3, 14, 3, -1, -1, -1, null, null
2016010003942, 9, 18, 1, 8, -1, -1, null, null
2016010003942, 19, 18, 1, 6, -1, -1, null, null
2016010003942, 19, 18, 1, 8, -1, -1, null, null
2016010003951, 3, 18, 1, 5, -1, -1, null, null
2016010003951, 9, 7, 1, 10, -1, -1, null, null
2016010003968, 9, 15, 1, 4, -1, -1, null, null
2016010003968, 11, 18, 1, 7, -1, -1, null, null
2016010003968, 10, 18, 1, 9, -1, -1, null, null
2016010003968, 9, 18, 1, 6, -1, -1, null, null
2016010003970, 1, 18, 1, 6, -1, -1, null, null
2016010003970, 90, -1, 3, -1, -1, -1, FORD, TRANSIT 350 LWB
2016010003971, 9, -1, 1, 8, -1, -1, null, null
2016010003971, 9, -1, 1, 7, -1, -1, null, null
2016010003975, 9, 3, 1, 7, -1, -1, null, null
2016010003975, 19, 3, 3, -1, -1, -1, null, null
2016010003979, 3, 9, 3, -1, -1, -1, null, null
2016010003983, 1, 9, 1, 6, -1, -1, null, null
2016010003986, 9, -1, 3, -1, -1, -1, null, null
2016010003995, 19, 18, 1, 5, -1, -1, null, null
2016010003998, 9, 18, 1, 5, -1, -1, RENAULT, KANGOO ML19 DCI
2016010003998, 9, 9, 1, 6, -1, -1, null, null
2016010004001, 1, 18, 1, 6, -1, -1, null, null
2016010004001, 1, 18, 1, 4, -1, -1, null, null
2016010004007, 9, 3, 2, 7, -1, -1, null, null
2016010004016, 19, 4, 3, -1, -1, -1, null, null
2016010004020, 9, 4, 1, 6, -1, -1, FORD, TRANSIT 350
2016010004023, 1, 18, 2, 5, -1, -1, null, null
2016010004024, 9, 17, 3, -1, -1, -1, null, null
2016010004024, 1, 18, 1, 5, -1, -1, null, null
2016010004026, 1, 18, 2, 6, -1, -1, null, null
2016010004032, 1, 14, 1, 5, -1, -1, null, null
2016010004034, 9, -1, 3, -1, -1, -1, null, null
2016010004039, 9, 5, 1, 5, -1, -1, YAMAHA, WR 125 X
2016010004042, 3, 9, 3, -1, -1, -1, null, null
2016010004044, 90, 18, 1, 6, -1, -1, FORD, TRANSIT 350 LWB
2016010004049, 19, 9, 3, -1, -1, -1, null, null
2016010004057, 1, 13, 1, 4, -1, -1, null, null
2016010004061, 8, 7, 1, 6, -1, -1, null, null
2016010004061, 1, 18, 1, 6, -1, -1, null, null
2016010004103, 1, 18, 1, 7, -1, -1, null, null
2016010004113, 9, -1, 3, -1, -1, -1, null, null
2016010004118, 9, -1, 3, -1, -1, -1, null, null
2016010004126, 1, 18, 1, 8, -1, -1, null, null
2016010004132, 9, 9, 1, 7, -1, -1, FORD, TRANSIT CONNECT 200 TREND
2016010004151, 3, -1, 1, 6, -1, -1, null, null
2016010004151, 9, -1, 1, 4, -1, -1, null, null
2016010004156, 1, 18, 1, 7, -1, -1, null, null
2016010004160, 1, 18, 1, 8, -1, -1, null, null
2016010004170, 9, 7, 3, -1, -1, -1, null, null
2016010004174, 8, 18, 3, -1, -1, -1, null, null
2016010004175, 9, -1, 1, 4, -1, -1, null, null
2016010004177, 1, 18, 1, 7, -1, -1, null, null
2016010004184, 9, -1, 2, 4, -1, -1, null, null
2016010004184, 1, -1, 2, 8, -1, -1, null, null
2016010004185, 1, 18, 1, 8, -1, -1, null, null
2016010004194, 1, 18, 1, 5, -1, -1, null, null
2016010004198, 9, 10, 1, 7, -1, -1, FORD, TRANSIT 100 T350L D/C RWD
2016010004201, 9, 18, 2, 8, -1, -1, null, null
2016010004201, 9, 18, 1, 6, -1, -1, null, null
2016010004202, 9, 9, 2, 7, -1, -1, null, null
2016010004215, 9, 7, 3, -1, -1, -1, null, null
2016010004218, 9, 1, 1, 6, -1, -1, null, null
2016010004218, 9, 1, 1, 6, -1, -1, null, null
2016010004220, 1, 18, 2, 5, -1, -1, null, null
2016010004225, 9, 9, 1, 7, -1, -1, FORD, TRANSIT 260 SWB
2016010004226, 8, -1, 3, -1, -1, -1, null, null
2016010004227, 9, 7, 1, 5, -1, -1, null, null
2016010004227, 2, 18, 1, 4, -1, -1, null, null
2016010004229, 1, 18, 1, 5, -1, -1, null, null
2016010004231, 9, 9, 1, 6, -1, -1, null, null
2016010004231, 9, 18, 1, 6, -1, -1, null, null
2016010004231, 9, 8, 1, 6, -1, -1, null, null
2016010004236, 9, 18, 1, 7, -1, -1, null, null
2016010004236, 9, -1, 3, -1, -1, -1, null, null
2016010004240, 1, 18, 1, 9, -1, -1, null, null
2016010004240, 9, 7, 1, 4, -1, -1, null, null
2016010004244, 5, 18, 1, 6, -1, -1, null, null
2016010004244, 19, 9, 1, 7, -1, -1, null, null
2016010004249, 1, 7, 1, 6, -1, -1, null, null
2016010004253, 9, 18, 3, -1, -1, -1, null, null
2016010004269, 19, 18, 1, 5, -1, -1, HONDA, CBF 125 M-9
2016010004269, 19, 9, 1, 6, -1, -1, VAUXHALL, COMBO 2000 CDTI 16V
2016010004270, 9, 18, 3, -1, -1, -1, null, null
2016010004271, 1, 18, 2, 9, -1, -1, null, null
2016010004271, 9, 7, 3, -1, -1, -1, null, null
2016010004273, 11, 5, 1, 8, -1, -1, OTHER BRITISH, Missing
2016010004279, 21, 5, 3, -1, -1, -1, null, null
2016010004281, 90, 18, 3, -1, -1, -1, null, null
2016010004282, 9, 3, 1, 6, -1, -1, null, null
2016010004284, 9, 18, 1, 7, -1, -1, VOLKSWAGEN, CADDY MAXI STARTLINE TDI S-A
2016010004294, 3, 18, 1, 5, -1, -1, null, null
2016010004296, 1, 18, 1, 5, -1, -1, null, null
2016010004300, 1, 18, 1, 6, -1, -1, null, null
2016010004302, 4, 18, 1, 6, -1, -1, Piaggio, MP3 300 YOURBAN LT
2016010004305, 21, 12, 1, 6, -1, -1, null, null
2016010004319, 9, 18, 1, 6, -1, -1, null, null
2016010004326, 3, 18, 3, -1, -1, -1, null, null
2016010004327, 1, 18, 1, 7, -1, -1, null, null
2016010004327, 9, 13, 1, 7, -1, -1, null, null
2016010004328, 19, -1, 2, 4, -1, -1, null, null
2016010004334, 1, 18, 1, 7, -1, -1, null, null
2016010004351, 9, -1, 1, 7, -1, -1, null, null
2016010004351, 9, -1, 1, 4, -1, -1, null, null
2016010004355, 1, 18, 1, 4, -1, -1, null, null
2016010004358, 9, 3, 1, 8, -1, -1, VOLKSWAGEN, AMAROK DARK LABEL TDI 4M DC A
2016010004366, 9, 11, 1, 8, -1, -1, null, null
2016010004369, 1, 14, 1, 6, -1, -1, null, null
2016010004370, 9, -1, 1, 8, -1, -1, null, null
2016010004375, 1, 18, 1, 6, -1, -1, null, null
2016010004375, 9, -1, 1, -1, -1, -1, null, null
2016010004379, 1, 18, 1, 7, -1, -1, null, null
2016010004381, 9, -1, 1, 4, -1, -1, null, null
2016010004388, 8, 3, 1, 10, -1, -1, null, null
2016010004392, 1, -1, 2, 8, -1, -1, null, null
2016010004394, 9, 18, 1, 7, -1, -1, null, null
2016010004394, 9, 13, 1, 6, -1, -1, null, null
2016010004394, 9, 9, 1, 6, -1, -1, null, null
2016010004394, 9, 2, 3, -1, -1, -1, null, null
2016010004394, 9, 2, 3, -1, -1, -1, null, null
2016010004394, 9, 2, 3, -1, -1, -1, null, null
2016010004401, 9, 18, 1, 7, -1, -1, null, null
2016010004401, 9, 18, 2, 7, -1, -1, null, null
2016010004409, 9, 6, 1, 6, -1, -1, NISSAN, NV200 SE DCI
2016010004411, 1, 18, 2, 5, -1, -1, null, null
2016010004418, 90, 18, 1, 4, -1, -1, RENAULT, TRAFIC SL27 DCI 100 SWB
2016010004425, 9, 7, 1, 6, -1, -1, FORD, TRANSIT CUSTOM 270 LTD E-TECH
2016010004428, 9, 7, 2, 6, -1, -1, null, null
2016010004428, 1, 17, 1, 8, -1, -1, null, null
2016010004429, 1, 18, 1, 7, -1, -1, null, null
2016010004429, 8, 4, 1, 4, -1, -1, null, null
2016010004431, 1, -1, 1, 7, -1, -1, null, null
2016010004436, 11, 18, 1, 5, -1, -1, null, null
2016010004436, 1, 7, 1, 8, -1, -1, null, null
2016010004450, 9, 18, 1, 6, -1, -1, null, null
2016010004453, 19, 4, 1, 8, -1, -1, null, null
2016010004459, 9, 18, 1, 4, -1, -1, null, null
2016010004462, 5, 3, 1, 6, -1, -1, null, null
2016010004462, 9, -1, 3, -1, -1, -1, null, null
2016010004476, 1, 17, 2, 7, -1, -1, null, null
2016010004476, 9, 9, 3, -1, -1, -1, null, null
2016010004479, 8, 3, 1, 8, -1, -1, null, null
2016010004479, 9, 18, 3, -1, -1, -1, null, null
2016010004482, 9, 2, 3, -1, -1, -1, VOLKSWAGEN, AMAROK STARTLINE 4MOTION DC163
2016010004483, 19, 18, 1, 6, -1, -1, null, null
2016010004484, 9, 9, 3, -1, -1, -1, null, null
2016010004485, 9, 18, 1, 5, -1, -1, null, null
2016010004486, 1, 9, 1, 6, -1, -1, null, null
2016010004491, 1, 18, 1, 6, -1, -1, null, null
2016010004492, 1, 18, 1, 4, -1, -1, null, null
2016010004504, 9, 1, 1, 7, -1, -1, RENAULT, TRAFIC SL27 SPORT DCI
2016010004506, 9, 18, 1, 6, -1, -1, GILERA, NEXUS
2016010004506, 9, 9, 3, -1, -1, -1, null, null
2016010004507, 1, 14, 2, 6, -1, -1, null, null
2016010004508, 9, 18, 3, -1, -1, -1, null, null
2016010004512, 1, 4, 1, 6, -1, -1, null, null
2016010004512, 9, 4, 1, 10, -1, -1, null, null
2016010004514, 9, 10, 1, 7, -1, -1, FORD, TRANSIT 100 T350L RWD
2016010004515, 9, 18, 3, -1, -1, -1, null, null
2016010004515, 9, 18, 1, 6, -1, -1, null, null
2016010004515, 9, 18, 1, 7, -1, -1, null, null
2016010004515, 9, 2, 3, -1, -1, -1, null, null
2016010004515, 9, 2, 3, -1, -1, -1, null, null
2016010004515, 90, 18, 1, 7, -1, -1, null, null
2016010004515, 9, 2, 3, -1, -1, -1, null, null
2016010004515, 9, 2, 3, -1, -1, -1, null, null
2016010004527, 8, 9, 1, 5, -1, -1, null, null
2016010004527, 4, 18, 1, 5, -1, -1, null, null
2016010004530, 9, 9, 3, -1, -1, -1, null, null
2016010004530, 1, 18, 1, 6, -1, -1, null, null
2016010004532, 9, 18, 1, 6, -1, -1, VAUXHALL, ASTRAVAN SPORTIVE CDTI
2016010004532, 1, 18, 1, 10, -1, -1, null, null
2016010004533, 3, 9, 1, 7, -1, -1, PIAGGIO, VESPA LX 50
2016010004535, 1, 18, 2, 4, -1, -1, null, null
2016010004540, 9, 10, 3, -1, -1, -1, null, null
2016010004541, 21, 4, 1, 6, -1, -1, null, null
2016010004549, 9, 5, 1, 5, -1, -1, DENNIS, Missing
2016010004567, 19, 18, 3, -1, -1, -1, null, null
2016010004575, 1, 18, 1, 9, -1, -1, null, null
2016010004575, 90, -1, 1, -1, -1, -1, null, null
2016010004579, 9, -1, 3, -1, -1, -1, null, null
2016010004581, 9, 9, 1, 4, -1, -1, null, null
2016010004581, 1, -1, 2, 8, -1, -1, null, null
2016010004591, 90, 5, 1, 10, -1, -1, DAF TRUCKS, Missing
2016010004611, 9, 1, 3, -1, -1, -1, null, null
2016010004615, 9, 18, 3, -1, -1, -1, null, null
2016010004619, 9, -1, 1, 7, -1, -1, null, null
2016010004619, 9, -1, 3, -1, -1, -1, null, null
2